NumCams 1
NumFrames 31
NumP 31
0 0
-277.99299998625224 -152.09100004531246 -13.781100008968956
0.117217665 0.03346206513 -0.9925423463
-0.09065745044 0.9956197459 0.02285931498
0.9889596785 0.08730184305 0.1197378074
0 1
204.45500000205453 -312.72899996518055 -11.621700001430042
0.07292285263 0.02476592661 0.9970300429
0.6371276598 0.7679551385 -0.06567533998
-0.7673008554 0.6400246512 0.04022242253
0 2
-48.1689999977007 -339.1600000047558 183.67199998558058
-0.997934547 0.05355251311 -0.03547912449
0.00461321267 0.6106167012 0.7919128503
0.06407306926 0.7901135188 -0.6096025502
0 3
204.4490000119113 -151.371999986398 176.73000001200603
-0.6057158368 -0.02846042809 0.7951718865
0.07656416087 0.9926379364 0.09385018088
-0.7919887968 0.1177282091 -0.5990774695
0 4
153.69699996739627 -339.66399998842496 99.96089998888066
-0.5131727911 -0.0113944023 0.8582096796
0.6439316563 0.6559805845 0.3937530886
-0.5674554683 0.7546917519 -0.3292941711
0 5
-106.66600001009435 -152.8490000291992 259.41400002666666
-0.9388399246 -0.01085157573 -0.3441828574
-0.02085521764 0.9994604132 0.02537601858
0.3437217711 0.03100202777 -0.9385596509
0 6
-76.46480001276264 -339.7699999781502 -167.99700000802875
0.9383151781 -0.04890839651 -0.3423048281
-0.2281693442 0.6562525938 -0.719215742
0.25981412 0.7529545151 0.6046123727
0 7
73.2428999928691 -312.3649999985049 198.55699998285473
-0.9351355635 -0.03714937779 0.3523370568
0.1921009207 0.7824423584 0.5923522533
-0.2976889553 0.6216139312 -0.724553246
0 8
-73.03299999244962 -153.07200002813386 -264.4429999792086
0.9519133694 0.01759162788 -0.3058618508
-0.03432816279 0.9981876552 -0.0494265345
0.3044380304 0.0575494544 0.9507920624
0 9
259.4289999693782 -118.71100002175892 68.4775999846166
-0.3038473715 -0.08380767311 0.9490274226
-0.1236834071 0.9911635565 0.04792931386
-0.9446582396 -0.102815749 -0.3115280599
0 10
46.410299974904206 -313.7899999923743 -201.51299998838772
0.9564672075 0.04773869562 0.287908836
0.1443156356 0.780099841 -0.6087834059
-0.2536601629 0.6238311109 0.7392504763
0 11
-149.66800000326805 -239.93999998897382 -205.29300001266043
0.8014528303 0.04091051755 -0.5966570962
-0.2915998192 0.8977653186 -0.3301317588
0.5221521869 0.4385701339 0.731446055
0 12
-10.769799998111473 -239.62499998401216 256.9449999846264
-0.9967476605 0.04275792376 -0.06830711021
0.007130494118 0.8911007644 0.4537494724
0.08026990347 0.4517866616 -0.8885074873
0 13
-190.12600000548403 -339.4900000136897 18.261600002264764
-0.306160677 0.073443505 -0.9491426086
-0.7503947556 0.5949074888 0.2880846935
0.5858099954 0.8004318406 -0.1270256585
0 14
141.50399999595814 -120.64999999152522 -232.6479999922901
0.8339971304 -0.07298338289 0.5469206637
0.01939982677 0.9944792266 0.1031247529
-0.5514276319 -0.07539558187 0.8308086861
0 15
12.846199998745039 -119.62200003868404 277.03599997381235
-0.9991562989 0.006813773292 0.04050015835
0.004455793058 0.9983049451 -0.05802915266
-0.04082690585 -0.05779973308 -0.9974930349
0 16
148.60300001740185 -240.83299995763497 -200.03299999900383
0.7784810231 0.006379381667 0.6276357225
0.2465514846 0.9164661336 -0.3151225021
-0.5772171707 0.400061407 0.7118786473
0 17
-182.34300003730704 -312.4900000507391 -108.81300001902781
0.4873033479 0.09476589669 -0.8680753838
-0.6107139156 0.7475224597 -0.261225354
0.6241505912 0.6574417063 0.422145049
0 18
234.4560000155743 -239.21300001921225 86.06300001256852
-0.3876871463 -0.0004290335675 0.9217909158
0.3683595346 0.9166118012 0.1553514051
-0.8449910827 0.3997782157 -0.3552005749
0 19
135.37799997657558 -339.5770000020889 -117.664999996354
0.7489415433 0.009829102311 0.6625631694
0.506347378 0.6364892316 -0.5818021923
-0.4274329158 0.7712229554 0.4717162872
0 20
-202.49048036220665 -198.1763767907138 184.81345314197551
-0.622149743462 0.0422699009726 -0.781756325341
-0.137353651336 0.977160428506 0.162146450657
0.770755260248 0.208256458441 -0.602134184639
0 21
-247.20299995739003 -239.83299998825296 76.04819999786042
-0.2794492296 -0.04898197842 -0.9589102637
-0.4520963475 0.8877743851 0.08640331984
0.8470637642 0.457665169 -0.2702324415
0 22
105.39100001720537 -196.9729999665265 246.10099999574976
-0.9254316477 -0.0302354379 0.3777063459
0.08018765756 0.9586071924 0.2732072294
-0.3703325601 0.2831220036 -0.8847009246
0 23
225.84200002778977 -152.92000001016288 -144.85300000886983
0.5331611016 0.0139449983 0.8458987982
0.1403829685 0.9845445173 -0.1047125377
-0.8342852401 0.1745784363 0.5229631992
0 24
-258.9930000124501 -119.71000000210503 106.02899999320674
-0.4036406495 -0.05871817608 -0.9130314353
0.02280984291 0.9969823984 -0.07420113394
0.9146332255 -0.05077669751 -0.4010832704
0 25
-180.30700000432145 -119.41200000864717 -206.6210000301037
0.7817921541 0.001320362326 -0.6235377169
0.04571456871 0.9971852519 0.05942854134
0.6218610825 -0.07496552515 0.7795312464
0 26
-186.4110000256033 -74.19210002800293 203.39200002989156
-0.7632644776 -0.04616764172 -0.6444345476
0.1338234835 0.9645156035 -0.2275981674
0.6320748473 -0.2599580724 -0.7300021836
0 27
48.7099999996834 -199.06500002221927 -261.4049999669757
0.9829752058 0.02231696056 0.1823778988
0.02536493701 0.96661041 -0.2549920297
-0.1819790226 0.2552768468 0.9495879985
0 28
-166.7439999976298 -312.401000017946 138.41599998855634
-0.6459807697 -0.02970081297 -0.7627756596
-0.5051562627 0.7657814994 0.3979897555
0.572298869 0.6424146301 -0.509683674
0 29
-237.72699995864133 -197.65899999370583 -128.49899997035243
0.4717306969 -0.07276506495 -0.8787351108
-0.08579375587 0.988072509 -0.1278755192
0.8775588761 0.1357127934 0.459861345
0 30
260.2189999598512 -197.22399999513456 -27.716699996413382
0.1057757796 0.06193310784 0.9924594574
0.2134442353 0.9733810962 -0.08349131661
-0.9712121513 0.220666109 0.08974087943
