NumCams 1
NumFrames 30
NumP 30
0 0
-271.9589999665538 -151.7920000150964 -14.574599984938189
0.1201471256 0.03330941579 -0.9921971332
-0.09157840245 0.9955474156 0.02233247834
0.9885231734 0.08818064529 0.1226625834
0 1
210.42799995929158 -312.44300000874176 -10.661699995590162
0.06931370124 0.02420951868 0.997301113
0.6370321066 0.7682646944 -0.06292419688
-0.7677145993 0.6396743379 0.03782902881
0 2
-42.84909999332883 -338.7879999912104 183.56099997026604
-0.9977536992 0.05413626512 -0.03945656507
0.001792027357 0.6103577438 0.7921238623
0.06696524745 0.7902738066 -0.6090837104
0 3
209.76899998169523 -151.09499995963978 177.68099998633022
-0.6086873278 -0.02835043215 0.7929035187
0.07675843763 0.992569407 0.0944145891
-0.7896884697 0.1183309992 -0.6019882851
0 4
159.1959999998299 -339.31600000383224 100.6609999968664
-0.5163938875 -0.01129080841 0.8562767488
0.642665794 0.6557375672 0.3962182734
-0.5659664568 0.7549044712 -0.3313626552
0 5
-101.64600000897514 -152.5450000452502 259.24299999381014
-0.937566026 -0.01107891291 -0.3476308453
-0.02144311715 0.9994324354 0.02598075902
0.3471457038 0.03181296593 -0.9372714631
0 6
-69.95399998146956 -339.66399998746414 -168.1699999762019
0.9395452426 -0.04896102665 -0.3389064102
-0.2254201519 0.6565800569 -0.7197835675
0.2577605325 0.752665561 0.6058498668
0 7
78.43090001976267 -312.0050000377166 198.9079999931223
-0.9362843506 -0.0374169171 0.3492443116
0.1901986888 0.7819066069 0.5936720618
-0.295289813 0.6222716709 -0.724970271
0 8
-66.14530001223868 -152.77799996474144 -264.58500005438435
0.9530873392 0.01760445664 -0.3021830685
-0.03430843001 0.9981568255 -0.05005879977
0.3007448344 0.05807783494 0.9519346142
0 9
265.1269999907097 -118.42800003761984 69.59469999358079
-0.3072574253 -0.08390645857 0.9479201342
-0.1238435524 0.9911598416 0.04759141567
-0.9435335972 -0.102770981 -0.3149324949
0 10
53.10489999809941 -313.5590000487489 -201.15899995721227
0.9553888921 0.04750442987 0.2915053928
0.146618891 0.780495645 -0.6077248135
-0.2563883104 0.6233537337 0.7387118227
0 11
-143.01400000826854 -239.68800005649717 -205.68000003159818
0.8037058409 0.04109099086 -0.5936063104
-0.2903675558 0.8978494377 -0.3309880204
0.5193684663 0.4383810188 0.733538328
0 12
-5.750519998413726 -239.32800000141094 257.0790000050731
-0.996452231 0.04282114989 -0.07245205587
0.005240162438 0.8907794291 0.4544057101
0.08399697599 0.4524139231 -0.8878435393
0 13
-184.23099999712343 -339.2000000084922 17.79790001392368
-0.3026878063 0.07389814052 -0.9502205832
-0.7512802513 0.5949933375 0.2855887119
0.5864793909 0.8003261793 -0.1245790145
0 14
148.23600002145199 -120.38299997235649 -231.82299999855886
0.831933664 -0.07319383924 0.5500264
0.0192422789 0.9944710604 0.1032329636
-0.5545413542 -0.07529921627 0.8287423692
0 15
17.809900000775087 -119.32899995021349 277.25600003435534
-0.9992972088 0.006720010903 0.03687722813
0.004590412568 0.9983331058 -0.0575320597
-0.03720237376 -0.05732234498 -0.9976623337
0 16
155.27699999654396 -240.5690000081263 -199.28000001881477
0.7765383307 0.006178419027 0.6300397195
0.2477685136 0.9163974106 -0.3143669027
-0.5793090579 0.4002219547 0.7100868978
0 17
-176.04400000563362 -312.24600000608285 -109.28800002630085
0.4906904676 0.0946902297 -0.8661735539
-0.6096007793 0.7475924551 -0.2636141326
0.6225831309 0.6573730154 0.4245597292
0 18
240.06899997562147 -238.91899995174913 87.10290001064828
-0.390163797 -0.0006747239014 0.9207452179
0.3673316594 0.9168582487 0.1563278726
-0.8442983261 0.3992123451 -0.3574770482
0 19
141.8399999879765 -339.4369999876427 -117.02299998518463
0.7465521557 0.00991988101 0.6652529404
0.5082768062 0.6366996589 -0.5798863963
-0.4293187243 0.7710480791 0.4702874575
0 20
-197.259000045119 -197.91800000836068 184.292000034093
-0.6196167278 0.04227157509 -0.7837654143
-0.1385357948 0.9769823286 0.1622139423
0.7725819984 0.2090900368 -0.5994984673
0 21
-241.53200000442826 -239.5780000044159 75.36860000764302
-0.2755205289 -0.04871896674 -0.9600598421
-0.4527364135 0.8875945776 0.08488583923
0.8480083597 0.458041841 -0.2666073778
0 22
110.41899997943018 -196.66099998468036 246.5699999504298
-0.9268447946 -0.03010232155 0.374235991
0.07952577999 0.9584221954 0.2740484368
-0.3669255742 0.2837617762 -0.8859147122
0 23
232.32699996892418 -152.66199997432713 -143.83099996398778
0.5312213594 0.01375945173 0.8471213283
0.1413245148 0.984420416 -0.1046127433
-0.8353629444 0.1752915344 0.5210006037
0 24
-253.44199996162246 -119.4180000376102 105.29899998733295
-0.4005164628 -0.05912233861 -0.9143801792
0.0228486317 0.9969614588 -0.07447005922
0.9160046414 -0.05071882065 -0.3979486125
0 25
-173.66099996883963 -119.12999995057355 -207.12799997127502
0.7843153993 0.001030761505 -0.6203614204
0.04572637326 0.9971823484 0.05946816592
0.6186747556 -0.07500867617 0.7820583388
0 26
-181.2040000340395 -73.89929998675747 202.9150000311042
-0.7607638942 -0.0461381259 -0.6473867241
0.1349428629 0.9644279312 -0.2273085773
0.6348454308 -0.2602883764 -0.7274759378
0 27
55.62559998698999 -198.80599998854814 -261.05399999348543
0.9823570062 0.02253123618 0.1856530523
0.02600744891 0.9666111039 -0.254924668
-0.1851980697 0.2552553959 0.9489712102
0 28
-161.3059999815887 -312.14899995919626 138.0209999891531
-0.642561769 -0.02939492061 -0.7656698451
-0.5069025387 0.7656560093 0.3960059238
0.5745991553 0.6425782552 -0.5068816396
0 29
-231.4159999647016 -197.4100000234395 -129.19799996266286
0.4750716708 -0.07261056368 -0.8769461863
-0.08536359825 0.9880862282 -0.1280572594
0.8757967594 0.1356956581 0.4632134763
0 30
266.250000008082 -196.93399998306694 -26.54640000165027
0.1020851826 0.06206928857 0.9928373577
0.2140185917 0.973309418 -0.08285420517
-0.9714806524 0.2209438397 0.08607648794
