NumCams 1
NumFrames 30
NumP 30
00 0
23.27031863 126.5360495 284.0106483
0.1201471256 0.03330941579 -0.9921971332 0.0
-0.09157840245 0.9955474156 0.02233247834 0.0
0.9885231734 0.08818064529 0.1226625834 0.0
00 1
3.611476397 105.3186549 361.8137386
0.06931370124 0.02420951868 0.997301113 0.0
0.6370321066 0.7682646944 -0.06292419688 0.0
-0.7677145993 0.6396743379 0.03782902881 0.0
00 2
-17.1694445 61.4556178 382.4086979
-0.9977536992 0.05413626512 -0.03945656507 0.0
0.001792027357 0.6103577438 0.7921238623 0.0
0.06696524745 0.7902738066 -0.6090837104 0.0
00 3
-17.48376658 117.0950552 290.4932634
-0.6086873278 -0.02835043215 0.7929035187 0.0
0.07675843763 0.992569407 0.0944145891 0.0
-0.7896884697 0.1183309992 -0.6019882851 0.0
00 4
-7.816984441 80.30869701 379.6060578
-0.5163938875 -0.01129080841 0.8562767488 0.0
0.642665794 0.6557375672 0.3962182734 0.0
-0.5659664568 0.7549044712 -0.3313626552 0.0
00 5
-6.86900582 143.5434839 283.119947
-0.937566026 -0.01107891291 -0.3476308453 0.0
-0.02144311715 0.9994324354 0.02598075902 0.0
0.3471457038 0.03181296593 -0.9372714631 0.0
00 6
-7.899241259 86.20156461 375.5705475
0.9395452426 -0.04896102665 -0.3389064102 0.0
-0.2254201519 0.6565800569 -0.7197835675 0.0
0.2577605325 0.752665561 0.6058498668 0.0
00 7
-7.70812848 110.9551941 361.5141052
-0.9362843506 -0.0374169171 0.3492443116 0.0
0.1901986888 0.7819066069 0.5936720618 0.0
-0.295289813 0.6222716709 -0.724970271 0.0
00 8
-14.22128553 136.9822545 280.6334927
0.9530873392 0.01760445664 -0.3021830685 0.0
-0.03430843001 0.9981568255 -0.05005879977 0.0
0.3007448344 0.05807783494 0.9519346142 0.0
00 9
5.555147962 146.903237 259.9029028
-0.3072574253 -0.08390645857 0.9479201342 0.0
-0.1238435524 0.9911598416 0.04759141567 0.0
-0.9435335972 -0.102770981 -0.3149324949 0.0
00 10
22.79854327 114.6959367 357.6721805
0.9553888921 0.04750442987 0.2915053928 0.0
0.146618891 0.780495645 -0.6077248135 0.0
-0.2563883104 0.6233537337 0.7387118227 0.0
00 11
2.697258627 105.5994944 330.2257948
0.8037058409 0.04109099086 -0.5936063104 0.0
-0.2903675558 0.8978494377 -0.3309880204 0.0
0.5193684663 0.4383810188 0.733538328 0.0
00 12
23.14408375 96.40042732 337.0042749
-0.996452231 0.04282114989 -0.07245205587 0.0
0.005240162438 0.8907794291 0.4544057101 0.0
0.08399697599 0.4524139231 -0.8878435393 0.0
00 13
-13.78629705 58.32974875 381.7355695
-0.3026878063 0.07389814052 -0.9502205832 0.0
-0.7512802513 0.5949933375 0.2855887119 0.0
0.5864793909 0.8003261793 -0.1245790145 0.0
00 14
-4.625042441 140.7967865 265.2597889
0.831933664 -0.07319383924 0.5500264 0.0
0.0192422789 0.9944710604 0.1032329636 0.0
-0.5545413542 -0.07529921627 0.8287423692 0.0
00 15
8.374842777 134.9994451 270.4302205
-0.9992972088 0.006720010903 0.03687722813 0.0
0.004590412568 0.9983331058 -0.0575320597 0.0
-0.03720237376 -0.05732234498 -0.9976623337 0.0
00 16
6.46210901 119.3370208 327.740485
0.7765383307 0.006178419027 0.6300397195 0.0
0.2477685136 0.9163974106 -0.3143669027 0.0
-0.5793090579 0.4002219547 0.7100868978 0.0
00 17
21.28738278 97.30633283 361.263403
0.4906904676 0.0946902297 -0.8661735539 0.0
-0.6096007793 0.7475924551 -0.2636141326 0.0
0.6225831309 0.6573730154 0.4245597292 0.0
00 18
13.30544958 117.2533007 329.2065567
-0.390163797 -0.0006747239014 0.9207452179 0.0
0.3673316594 0.9168582487 0.1563278726 0.0
-0.8442983261 0.3992123451 -0.3574770482 0.0
00 19
-24.67388828 76.16539419 377.6512638
0.7465521557 0.00991988101 0.6652529404 0.0
0.5082768062 0.6366996589 -0.5798863963 0.0
-0.4293187243 0.7710480791 0.4702874575 0.0
00 21
-5.860650791 96.90007543 334.6517281
-0.2755205289 -0.04871896674 -0.9600598421 0.0
-0.4527364135 0.8875945776 0.08488583923 0.0
0.8480083597 0.458041841 -0.2666073778 0.0
00 22
4.145954428 112.1309872 314.7604202
-0.9268447946 -0.03010232155 0.374235991 0.0
0.07952577999 0.9584221954 0.2740484368 0.0
-0.3669255742 0.2837617762 -0.8859147122 0.0
00 23
0.5257884281 102.4035335 295.7737608
0.5312213594 0.01375945173 0.8471213283 0.0
0.1413245148 0.984420416 -0.1046127433 0.0
-0.8353629444 0.1752915344 0.5210006037 0.0
00 24
-12.28464631 132.6875692 268.0008991
-0.4005164628 -0.05912233861 -0.9143801792 0.0
0.0228486317 0.9969614588 -0.07447005922 0.0
0.9160046414 -0.05071882065 -0.3979486125 0.0
00 25
7.833570878 139.0527431 260.4900727
0.7843153993 0.001030761505 -0.6203614204 0.0
0.04572637326 0.9971823484 0.05946816592 0.0
0.6186747556 -0.07500867617 0.7820583388 0.0
00 26
-9.898558773 141.8470555 243.4171826
-0.7607638942 -0.0461381259 -0.6473867241 0.0
0.1349428629 0.9644279312 -0.2273085773 0.0
0.6348454308 -0.2602883764 -0.7274759378 0.0
00 27
-1.699381026 124.1723029 308.7807883
0.9823570062 0.02253123618 0.1856530523 0.0
0.02600744891 0.9666111039 -0.254924668 0.0
-0.1851980697 0.2552553959 0.9489712102 0.0
00 28
-7.146146086 102.5752031 363.2267619
-0.642561769 -0.02939492061 -0.7656698451 0.0
-0.5069025387 0.7656560093 0.3960059238 0.0
0.5745991553 0.6425782552 -0.5068816396 0.0
00 29
-17.69455899 158.7588581 289.3073174
0.4750716708 -0.07261056368 -0.8769461863 0.0
-0.08536359825 0.9880862282 -0.1280572594 0.0
0.8757967594 0.1356956581 0.4632134763 0.0
00 30
11.39963104 132.495786 304.4530987
0.1020851826 0.06206928857 0.9928373577 0.0
0.2140185917 0.973309418 -0.08285420517 0.0
-0.9714806524 0.2209438397 0.08607648794 0.0
